,읍면동명,이용자수,이용금액,업종명,점포 수,점포당 매출액,총이용자수,동별이용자수
19,연동,78211,14514851624,숙박업,79,183732299.0379747,599176,13.05309291426893
21,예래동,62450,27392932230,숙박업,49,559039433.2653061,599176,10.422647102020107
15,송산동,47826,4251484853,숙박업,49,86764997.0,599176,7.981961894334886
18,애월읍,37012,3766002728,숙박업,184,20467406.13043478,599176,6.177149952601573
36,천지동,32435,2937384465,숙박업,44,66758737.84090909,599176,5.413267554107641
35,중앙동,30688,2743967720,숙박업,9,304885302.2222222,599176,5.121700468643604
32,정방동,30688,2743967720,숙박업,26,105537220.0,599176,5.121700468643604
14,성산읍,23049,2382586868,숙박업,111,21464746.55855856,599176,3.8467829152035464
11,삼도2동,20748,4885185861,숙박업,31,157586640.67741936,599176,3.4627555175774734
0,건입동,19825,1774543459,숙박업,26,68251671.5,599176,3.3087106292641897
34,중문동,19293,4217218373,숙박업,33,127794496.15151516,599176,3.2199220262493826
40,한림읍,17353,1387517077,숙박업,110,12613791.60909091,599176,2.8961440378119283
20,영천동,17344,1472723935,숙박업,16,92045245.9375,599176,2.894641974978971
33,조천읍,15079,1767278594,숙박업,108,16363690.685185185,599176,2.516622828684727
6,대천동,14231,1667039113,숙박업,18,92613284.05555557,599176,2.3750951306460872
3,노형동,13869,1845526140,숙박업,28,65911647.85714286,599176,2.3146788255871393
4,대륜동,13469,1673873430,숙박업,22,76085155.9090909,599176,2.247920477455706
28,이도2동,12348,1271173613,숙박업,26,48891292.807692304,599176,2.0608302068173625
23,외도동,11982,757069140,숙박업,14,54076367.14285714,599176,1.9997463182771007
27,이도1동,11703,1894995279,숙박업,56,33839201.41071428,599176,1.9531823704554256
10,삼도1동,9049,920387973,숙박업,50,18407759.46,599176,1.510240730603362
5,대정읍,7480,418881205,숙박업,60,6981353.416666667,599176,1.2483811100578126
17,안덕면,7416,639072050,숙박업,91,7022769.78021978,599176,1.2376997743567832
1,구좌읍,7010,511774005,숙박업,98,5222183.724489796,599176,1.169940051003378
2,남원읍,6033,841678914,숙박업,56,15029980.607142856,599176,1.0068827856923508
38,표선면,4752,386287650,숙박업,40,9657191.25,599176,0.7930891758014339
16,아라동,4641,862881384,숙박업,3,287627128.0,599176,0.774563734194961
25,용담2동,3574,267540938,숙박업,24,11147539.083333334,599176,0.5964858405543614
30,일도1동,2907,165227650,숙박업,24,6884485.416666667,599176,0.4851662950451954
22,오라동,2608,202957373,숙박업,13,15612105.615384616,599176,0.4352644298169486
31,일도2동,2108,169663092,숙박업,41,4138124.195121952,599176,0.3518164946526563
7,도두동,2016,325178051,숙박업,17,19128120.647058822,599176,0.3364620745824265
13,서홍동,1747,193416745,숙박업,4,48354186.25,599176,0.29156708546403726
8,동홍동,1354,106595648,숙박업,8,13324456.0,599176,0.2259770084249035
24,용담1동,1340,276578704,숙박업,25,11063148.16,599176,0.22364046624030334
12,삼양동,1286,147830260,숙박업,9,16425584.444444444,599176,0.21462808924255977
29,이호동,1167,178768906,숙박업,11,16251718.727272728,599176,0.1947674806734582
26,우도면,1026,52744528,숙박업,16,3296533.0,599176,0.1712351629571278
37,추자면,907,128805700,숙박업,10,12880570.0,599176,0.15137455438802622
39,한경면,741,75207110,숙박업,33,2279003.333333333,599176,0.12366983991348118
9,봉개동,306,21720780,숙박업,4,5430195.0,599176,0.05107013632054688
42,효돈동,104,28767900,숙박업,7,4109700.0,599176,0.017357170514172796
41,화북동,1,420000,숙박업,2,210000.0,599176,0.00016689587032858459
